ACCOUNT_ID=0.0.220133
PRIVATE_KEY=302e020100300506032b657004220420b51824fef7f94ca74cedd5a7b353b309bffe3f4e5ca23f0b63e0b175c1c4efe7
TOPIC_ID=0.0.28583
